level,state,count,zone,pitch_group,n_all,n,coverage,games,PA,pitchers,batters,grade,reason,suggested_action,evaluation_contrast_direction,saved_development_policy_p1,saved_development_policy_role,ESS0,ESS1,arm_games0,arm_games1,run_id,model_id,variant,period,execution_status,evaluation_method,unit,action0_label,action1_label
count,0-0,0-0,,,363584,341213,0.9384708898081324,4859,341213,1113,712,UNCERTAIN,IDENTIFICATION_AND_FULL_LEARNING_UNCERTAINTY,,Take,,Frozen diagnostic candidate; never a recommended action,206940.59742583265,79836.0171627825,4859,4859,bcap_swing__mlb_2024_2025__20260909__r01,BCAP-SWING-v0.1.0,swing,2024_2025,COMPLETE,outer_game_nested_procedure_OPE,season-weighted final PA W per selected current decision; no summed PA policy gain,Take_adjudicated,Swing_offer_including_bunts
count,0-1,0-1,,,184625,178442,0.9665104942450914,4859,178442,1103,710,UNCERTAIN,IDENTIFICATION_AND_FULL_LEARNING_UNCERTAINTY,,Take,,Frozen diagnostic candidate; never a recommended action,53752.00029281547,54836.06636724882,4859,4859,bcap_swing__mlb_2024_2025__20260909__r01,BCAP-SWING-v0.1.0,swing,2024_2025,COMPLETE,outer_game_nested_procedure_OPE,season-weighted final PA W per selected current decision; no summed PA policy gain,Take_adjudicated,Swing_offer_including_bunts
count,0-2,0-2,,,96447,91486,0.9485624228851078,4859,74685,1044,710,UNCERTAIN,IDENTIFICATION_AND_FULL_LEARNING_UNCERTAINTY,,Take,,Frozen diagnostic candidate; never a recommended action,22570.557108832305,29531.330011066544,4859,4857,bcap_swing__mlb_2024_2025__20260909__r01,BCAP-SWING-v0.1.0,swing,2024_2025,COMPLETE,outer_game_nested_procedure_OPE,season-weighted final PA W per selected current decision; no summed PA policy gain,Take_adjudicated,Swing_offer_including_bunts
count,1-0,1-0,,,136516,131649,0.9643485012745758,4859,131649,1105,711,UNCERTAIN,IDENTIFICATION_AND_FULL_LEARNING_UNCERTAINTY,,Take,,Frozen diagnostic candidate; never a recommended action,56756.47765523734,37314.575537237295,4859,4859,bcap_swing__mlb_2024_2025__20260909__r01,BCAP-SWING-v0.1.0,swing,2024_2025,COMPLETE,outer_game_nested_procedure_OPE,season-weighted final PA W per selected current decision; no summed PA policy gain,Take_adjudicated,Swing_offer_including_bunts
count,1-1,1-1,,,142559,139043,0.9753365273325432,4859,139043,1097,710,UNCERTAIN,IDENTIFICATION_AND_FULL_LEARNING_UNCERTAINTY,,Take,,Frozen diagnostic candidate; never a recommended action,35056.57696331019,49376.1650639188,4859,4859,bcap_swing__mlb_2024_2025__20260909__r01,BCAP-SWING-v0.1.0,swing,2024_2025,COMPLETE,outer_game_nested_procedure_OPE,season-weighted final PA W per selected current decision; no summed PA policy gain,Take_adjudicated,Swing_offer_including_bunts
count,1-2,1-2,,,139560,133557,0.9569862424763542,4859,105403,1058,710,UNCERTAIN,IDENTIFICATION_AND_FULL_LEARNING_UNCERTAINTY,,Take,,Frozen diagnostic candidate; never a recommended action,27551.540716985568,51710.05471645136,4859,4859,bcap_swing__mlb_2024_2025__20260909__r01,BCAP-SWING-v0.1.0,swing,2024_2025,COMPLETE,outer_game_nested_procedure_OPE,season-weighted final PA W per selected current decision; no summed PA policy gain,Take_adjudicated,Swing_offer_including_bunts
count,2-0,2-0,,,45632,44034,0.9649807152875176,4858,44034,1077,703,UNCERTAIN,IDENTIFICATION_AND_FULL_LEARNING_UNCERTAINTY,,Take,,Frozen diagnostic candidate; never a recommended action,19614.28055257981,12364.444336838013,4825,4767,bcap_swing__mlb_2024_2025__20260909__r01,BCAP-SWING-v0.1.0,swing,2024_2025,COMPLETE,outer_game_nested_procedure_OPE,season-weighted final PA W per selected current decision; no summed PA policy gain,Take_adjudicated,Swing_offer_including_bunts
count,2-1,2-1,,,72940,71495,0.9801891965999452,4859,71495,1082,708,UNCERTAIN,IDENTIFICATION_AND_FULL_LEARNING_UNCERTAINTY,,Take,,Frozen diagnostic candidate; never a recommended action,16761.84456235803,28089.521027187144,4847,4857,bcap_swing__mlb_2024_2025__20260909__r01,BCAP-SWING-v0.1.0,swing,2024_2025,COMPLETE,outer_game_nested_procedure_OPE,season-weighted final PA W per selected current decision; no summed PA policy gain,Take_adjudicated,Swing_offer_including_bunts
count,2-2,2-2,,,118632,113434,0.956183828983748,4859,86103,1057,708,UNCERTAIN,IDENTIFICATION_AND_FULL_LEARNING_UNCERTAINTY,,Take,,Frozen diagnostic candidate; never a recommended action,20110.74543860612,51703.90130993802,4857,4858,bcap_swing__mlb_2024_2025__20260909__r01,BCAP-SWING-v0.1.0,swing,2024_2025,COMPLETE,outer_game_nested_procedure_OPE,season-weighted final PA W per selected current decision; no summed PA policy gain,Take_adjudicated,Swing_offer_including_bunts
count,3-0,3-0,,,13972,12230,0.8753220727168622,4391,12230,983,675,UNCERTAIN,IDENTIFICATION_AND_FULL_LEARNING_UNCERTAINTY,,Take,,Frozen diagnostic candidate; never a recommended action,10942.103801048514,1114.6425971533888,4261,1082,bcap_swing__mlb_2024_2025__20260909__r01,BCAP-SWING-v0.1.0,swing,2024_2025,COMPLETE,outer_game_nested_procedure_OPE,season-weighted final PA W per selected current decision; no summed PA policy gain,Take_adjudicated,Swing_offer_including_bunts
count,3-1,3-1,,,29874,29289,0.9804177545691906,4846,29289,1044,702,UNCERTAIN,IDENTIFICATION_AND_FULL_LEARNING_UNCERTAINTY,,Take,,Frozen diagnostic candidate; never a recommended action,7785.629309960614,10669.962961594028,4494,4698,bcap_swing__mlb_2024_2025__20260909__r01,BCAP-SWING-v0.1.0,swing,2024_2025,COMPLETE,outer_game_nested_procedure_OPE,season-weighted final PA W per selected current decision; no summed PA policy gain,Take_adjudicated,Swing_offer_including_bunts
count,3-2,3-2,,,71702,68644,0.9573512593790968,4858,49790,1040,706,UNCERTAIN,IDENTIFICATION_AND_FULL_LEARNING_UNCERTAINTY,,Take,,Frozen diagnostic candidate; never a recommended action,10562.476837544236,37284.21368836362,4784,4851,bcap_swing__mlb_2024_2025__20260909__r01,BCAP-SWING-v0.1.0,swing,2024_2025,COMPLETE,outer_game_nested_procedure_OPE,season-weighted final PA W per selected current decision; no summed PA policy gain,Take_adjudicated,Swing_offer_including_bunts
cell,0-0|BOUNDARY|FB,0-0,BOUNDARY,FB,59074,58896,0.99698683007753,4859,58896,995,707,UNCERTAIN,IDENTIFICATION_AND_FULL_LEARNING_UNCERTAINTY,,Swing_including_bunts,1,Frozen diagnostic candidate; never a recommended action,36364.337274129735,20060.35617821624,4856,4796,bcap_swing__mlb_2024_2025__20260909__r01,BCAP-SWING-v0.1.0,swing,2024_2025,COMPLETE,outer_game_nested_procedure_OPE,season-weighted final PA W per selected current decision; no summed PA policy gain,Take_adjudicated,Swing_offer_including_bunts
cell,0-0|BOUNDARY|NFB,0-0,BOUNDARY,NFB,34894,34797,0.9972201524617412,4850,34797,1045,706,UNCERTAIN,IDENTIFICATION_AND_FULL_LEARNING_UNCERTAINTY,,Take,0,Frozen diagnostic candidate; never a recommended action,21500.48919785482,11679.905111869968,4787,4467,bcap_swing__mlb_2024_2025__20260909__r01,BCAP-SWING-v0.1.0,swing,2024_2025,COMPLETE,outer_game_nested_procedure_OPE,season-weighted final PA W per selected current decision; no summed PA policy gain,Take_adjudicated,Swing_offer_including_bunts
cell,0-0|INNER|FB,0-0,INNER,FB,75009,74756,0.9966270714180964,4859,74756,1004,708,UNCERTAIN,IDENTIFICATION_AND_FULL_LEARNING_UNCERTAINTY,,Swing_including_bunts,1,Frozen diagnostic candidate; never a recommended action,33087.67500656802,38560.50142418833,4855,4855,bcap_swing__mlb_2024_2025__20260909__r01,BCAP-SWING-v0.1.0,swing,2024_2025,COMPLETE,outer_game_nested_procedure_OPE,season-weighted final PA W per selected current decision; no summed PA policy gain,Take_adjudicated,Swing_offer_including_bunts
cell,0-0|INNER|NFB,0-0,INNER,NFB,40985,40845,0.9965841161400512,4856,40845,1050,705,UNCERTAIN,IDENTIFICATION_AND_FULL_LEARNING_UNCERTAINTY,,Swing_including_bunts,1,Frozen diagnostic candidate; never a recommended action,21252.922893107312,17745.313180839312,4792,4733,bcap_swing__mlb_2024_2025__20260909__r01,BCAP-SWING-v0.1.0,swing,2024_2025,COMPLETE,outer_game_nested_procedure_OPE,season-weighted final PA W per selected current decision; no summed PA policy gain,Take_adjudicated,Swing_offer_including_bunts
cell,0-0|MISSING|UNCLASSIFIED,0-0,MISSING,UNCLASSIFIED,113,0,0.0,0,0,0,0,NO_SUPPORT,NO_COMMON_SUPPORT,,,0.5,Frozen diagnostic candidate; never a recommended action,0.0,0.0,0,0,bcap_swing__mlb_2024_2025__20260909__r01,BCAP-SWING-v0.1.0,swing,2024_2025,COMPLETE,outer_game_nested_procedure_OPE,season-weighted final PA W per selected current decision; no summed PA policy gain,Take_adjudicated,Swing_offer_including_bunts
cell,0-0|OUT|FB,0-0,OUT,FB,86423,73458,0.8499820649595594,4859,73458,1003,710,UNCERTAIN,IDENTIFICATION_AND_FULL_LEARNING_UNCERTAINTY,,Take,0,Frozen diagnostic candidate; never a recommended action,61633.95493463432,9032.907369536304,4859,4337,bcap_swing__mlb_2024_2025__20260909__r01,BCAP-SWING-v0.1.0,swing,2024_2025,COMPLETE,outer_game_nested_procedure_OPE,season-weighted final PA W per selected current decision; no summed PA policy gain,Take_adjudicated,Swing_offer_including_bunts
cell,0-0|OUT|NFB,0-0,OUT,NFB,67082,58461,0.8714856444351688,4859,58461,1087,710,UNCERTAIN,IDENTIFICATION_AND_FULL_LEARNING_UNCERTAINTY,,Take,0,Frozen diagnostic candidate; never a recommended action,46254.467851370166,8326.282487775115,4856,4328,bcap_swing__mlb_2024_2025__20260909__r01,BCAP-SWING-v0.1.0,swing,2024_2025,COMPLETE,outer_game_nested_procedure_OPE,season-weighted final PA W per selected current decision; no summed PA policy gain,Take_adjudicated,Swing_offer_including_bunts
cell,0-0|OUT|UNCLASSIFIED,0-0,OUT,UNCLASSIFIED,4,0,0.0,0,0,0,0,NO_SUPPORT,NO_COMMON_SUPPORT,,,0.5,Frozen diagnostic candidate; never a recommended action,0.0,0.0,0,0,bcap_swing__mlb_2024_2025__20260909__r01,BCAP-SWING-v0.1.0,swing,2024_2025,COMPLETE,outer_game_nested_procedure_OPE,season-weighted final PA W per selected current decision; no summed PA policy gain,Take_adjudicated,Swing_offer_including_bunts
cell,0-1|BOUNDARY|FB,0-1,BOUNDARY,FB,24089,24014,0.9968865457262652,4818,24014,956,702,UNCERTAIN,IDENTIFICATION_AND_FULL_LEARNING_UNCERTAINTY,,Take,0,Frozen diagnostic candidate; never a recommended action,8459.435043756943,14517.275834807004,4098,4596,bcap_swing__mlb_2024_2025__20260909__r01,BCAP-SWING-v0.1.0,swing,2024_2025,COMPLETE,outer_game_nested_procedure_OPE,season-weighted final PA W per selected current decision; no summed PA policy gain,Take_adjudicated,Swing_offer_including_bunts
cell,0-1|BOUNDARY|NFB,0-1,BOUNDARY,NFB,19709,19650,0.9970064437566594,4752,19650,985,702,UNCERTAIN,IDENTIFICATION_AND_FULL_LEARNING_UNCERTAINTY,,Swing_including_bunts,1,Frozen diagnostic candidate; never a recommended action,5681.523024468314,13109.619674226462,3499,4527,bcap_swing__mlb_2024_2025__20260909__r01,BCAP-SWING-v0.1.0,swing,2024_2025,COMPLETE,outer_game_nested_procedure_OPE,season-weighted final PA W per selected current decision; no summed PA policy gain,Take_adjudicated,Swing_offer_including_bunts
cell,0-1|BOUNDARY|UNCLASSIFIED,0-1,BOUNDARY,UNCLASSIFIED,1,0,0.0,0,0,0,0,NO_SUPPORT,NO_COMMON_SUPPORT,,,0.5,Frozen diagnostic candidate; never a recommended action,0.0,0.0,0,0,bcap_swing__mlb_2024_2025__20260909__r01,BCAP-SWING-v0.1.0,swing,2024_2025,COMPLETE,outer_game_nested_procedure_OPE,season-weighted final PA W per selected current decision; no summed PA policy gain,Take_adjudicated,Swing_offer_including_bunts
cell,0-1|INNER|FB,0-1,INNER,FB,26924,26778,0.9945773287772992,4835,26778,966,701,UNCERTAIN,IDENTIFICATION_AND_FULL_LEARNING_UNCERTAINTY,,Swing_including_bunts,1,Frozen diagnostic candidate; never a recommended action,4528.152718922525,21644.90103581964,3095,4798,bcap_swing__mlb_2024_2025__20260909__r01,BCAP-SWING-v0.1.0,swing,2024_2025,COMPLETE,outer_game_nested_procedure_OPE,season-weighted final PA W per selected current decision; no summed PA policy gain,Take_adjudicated,Swing_offer_including_bunts
cell,0-1|INNER|NFB,0-1,INNER,NFB,19267,19168,0.9948616805937612,4752,19168,993,698,UNCERTAIN,IDENTIFICATION_AND_FULL_LEARNING_UNCERTAINTY,,Swing_including_bunts,1,Frozen diagnostic candidate; never a recommended action,3299.4316471961097,15374.962697871122,2552,4640,bcap_swing__mlb_2024_2025__20260909__r01,BCAP-SWING-v0.1.0,swing,2024_2025,COMPLETE,outer_game_nested_procedure_OPE,season-weighted final PA W per selected current decision; no summed PA policy gain,Take_adjudicated,Swing_offer_including_bunts
cell,0-1|MISSING|UNCLASSIFIED,0-1,MISSING,UNCLASSIFIED,61,0,0.0,0,0,0,0,NO_SUPPORT,NO_COMMON_SUPPORT,,,0.5,Frozen diagnostic candidate; never a recommended action,0.0,0.0,0,0,bcap_swing__mlb_2024_2025__20260909__r01,BCAP-SWING-v0.1.0,swing,2024_2025,COMPLETE,outer_game_nested_procedure_OPE,season-weighted final PA W per selected current decision; no summed PA policy gain,Take_adjudicated,Swing_offer_including_bunts
cell,0-1|OUT|FB,0-1,OUT,FB,42053,39488,0.9390055406273036,4859,39488,984,705,UNCERTAIN,IDENTIFICATION_AND_FULL_LEARNING_UNCERTAINTY,,Take,0,Frozen diagnostic candidate; never a recommended action,29181.86802400393,7586.199525686569,4846,4136,bcap_swing__mlb_2024_2025__20260909__r01,BCAP-SWING-v0.1.0,swing,2024_2025,COMPLETE,outer_game_nested_procedure_OPE,season-weighted final PA W per selected current decision; no summed PA policy gain,Take_adjudicated,Swing_offer_including_bunts
cell,0-1|OUT|NFB,0-1,OUT,NFB,52518,49344,0.9395635782017594,4858,49344,1072,706,UNCERTAIN,IDENTIFICATION_AND_FULL_LEARNING_UNCERTAINTY,,Take,0,Frozen diagnostic candidate; never a recommended action,32487.005477239574,10530.732872848235,4854,4606,bcap_swing__mlb_2024_2025__20260909__r01,BCAP-SWING-v0.1.0,swing,2024_2025,COMPLETE,outer_game_nested_procedure_OPE,season-weighted final PA W per selected current decision; no summed PA policy gain,Take_adjudicated,Swing_offer_including_bunts
cell,0-1|OUT|UNCLASSIFIED,0-1,OUT,UNCLASSIFIED,3,0,0.0,0,0,0,0,NO_SUPPORT,NO_COMMON_SUPPORT,,,0.5,Frozen diagnostic candidate; never a recommended action,0.0,0.0,0,0,bcap_swing__mlb_2024_2025__20260909__r01,BCAP-SWING-v0.1.0,swing,2024_2025,COMPLETE,outer_game_nested_procedure_OPE,season-weighted final PA W per selected current decision; no summed PA policy gain,Take_adjudicated,Swing_offer_including_bunts
cell,0-2|BOUNDARY|FB,0-2,BOUNDARY,FB,9476,9437,0.9958843393837062,4039,9095,866,673,UNCERTAIN,IDENTIFICATION_AND_FULL_LEARNING_UNCERTAINTY,,Swing_including_bunts,1,Frozen diagnostic candidate; never a recommended action,2016.5523854448809,7103.728772027782,1809,3630,bcap_swing__mlb_2024_2025__20260909__r01,BCAP-SWING-v0.1.0,swing,2024_2025,COMPLETE,outer_game_nested_procedure_OPE,season-weighted final PA W per selected current decision; no summed PA policy gain,Take_adjudicated,Swing_offer_including_bunts
cell,0-2|BOUNDARY|NFB,0-2,BOUNDARY,NFB,8706,8602,0.9880542154835744,3936,8335,895,676,UNCERTAIN,IDENTIFICATION_AND_FULL_LEARNING_UNCERTAINTY,,Swing_including_bunts,1,Frozen diagnostic candidate; never a recommended action,1291.149622016373,7096.333831199874,1260,3628,bcap_swing__mlb_2024_2025__20260909__r01,BCAP-SWING-v0.1.0,swing,2024_2025,COMPLETE,outer_game_nested_procedure_OPE,season-weighted final PA W per selected current decision; no summed PA policy gain,Take_adjudicated,Swing_offer_including_bunts
cell,0-2|INNER|FB,0-2,INNER,FB,8795,8351,0.9495167708925526,3875,7988,843,672,UNCERTAIN,IDENTIFICATION_AND_FULL_LEARNING_UNCERTAINTY,,Swing_including_bunts,1,Frozen diagnostic candidate; never a recommended action,745.8226500136619,7506.698101654202,757,3706,bcap_swing__mlb_2024_2025__20260909__r01,BCAP-SWING-v0.1.0,swing,2024_2025,COMPLETE,outer_game_nested_procedure_OPE,season-weighted final PA W per selected current decision; no summed PA policy gain,Take_adjudicated,Swing_offer_including_bunts
cell,0-2|INNER|NFB,0-2,INNER,NFB,7112,6346,0.8922947131608548,3413,6175,837,651,UNCERTAIN,IDENTIFICATION_AND_FULL_LEARNING_UNCERTAINTY,,Swing_including_bunts,1,Frozen diagnostic candidate; never a recommended action,386.30079414867794,5906.775331977895,414,3284,bcap_swing__mlb_2024_2025__20260909__r01,BCAP-SWING-v0.1.0,swing,2024_2025,COMPLETE,outer_game_nested_procedure_OPE,season-weighted final PA W per selected current decision; no summed PA policy gain,Take_adjudicated,Swing_offer_including_bunts
cell,0-2|MISSING|UNCLASSIFIED,0-2,MISSING,UNCLASSIFIED,32,0,0.0,0,0,0,0,NO_SUPPORT,NO_COMMON_SUPPORT,,,0.5,Frozen diagnostic candidate; never a recommended action,0.0,0.0,0,0,bcap_swing__mlb_2024_2025__20260909__r01,BCAP-SWING-v0.1.0,swing,2024_2025,COMPLETE,outer_game_nested_procedure_OPE,season-weighted final PA W per selected current decision; no summed PA policy gain,Take_adjudicated,Swing_offer_including_bunts
cell,0-2|OUT|FB,0-2,OUT,FB,23422,22111,0.9440269831782084,4785,21451,957,703,UNCERTAIN,IDENTIFICATION_AND_FULL_LEARNING_UNCERTAINTY,,Take,0,Frozen diagnostic candidate; never a recommended action,14870.722666656677,5137.7340245933565,4626,3445,bcap_swing__mlb_2024_2025__20260909__r01,BCAP-SWING-v0.1.0,swing,2024_2025,COMPLETE,outer_game_nested_procedure_OPE,season-weighted final PA W per selected current decision; no summed PA policy gain,Take_adjudicated,Swing_offer_including_bunts
cell,0-2|OUT|NFB,0-2,OUT,NFB,38900,36639,0.9418766066838046,4856,35308,1005,706,UNCERTAIN,IDENTIFICATION_AND_FULL_LEARNING_UNCERTAINTY,,Take,0,Frozen diagnostic candidate; never a recommended action,21912.33503473064,8690.618780011633,4818,4453,bcap_swing__mlb_2024_2025__20260909__r01,BCAP-SWING-v0.1.0,swing,2024_2025,COMPLETE,outer_game_nested_procedure_OPE,season-weighted final PA W per selected current decision; no summed PA policy gain,Take_adjudicated,Swing_offer_including_bunts
cell,0-2|OUT|UNCLASSIFIED,0-2,OUT,UNCLASSIFIED,4,0,0.0,0,0,0,0,NO_SUPPORT,NO_COMMON_SUPPORT,,,0.5,Frozen diagnostic candidate; never a recommended action,0.0,0.0,0,0,bcap_swing__mlb_2024_2025__20260909__r01,BCAP-SWING-v0.1.0,swing,2024_2025,COMPLETE,outer_game_nested_procedure_OPE,season-weighted final PA W per selected current decision; no summed PA policy gain,Take_adjudicated,Swing_offer_including_bunts
cell,1-0|BOUNDARY|FB,1-0,BOUNDARY,FB,22300,22231,0.9969058295964126,4791,22231,970,700,UNCERTAIN,IDENTIFICATION_AND_FULL_LEARNING_UNCERTAINTY,,Take,0,Frozen diagnostic candidate; never a recommended action,10933.91422794877,10302.149144012454,4344,4326,bcap_swing__mlb_2024_2025__20260909__r01,BCAP-SWING-v0.1.0,swing,2024_2025,COMPLETE,outer_game_nested_procedure_OPE,season-weighted final PA W per selected current decision; no summed PA policy gain,Take_adjudicated,Swing_offer_including_bunts
cell,1-0|BOUNDARY|NFB,1-0,BOUNDARY,NFB,13750,13718,0.9976727272727272,4503,13718,954,682,UNCERTAIN,IDENTIFICATION_AND_FULL_LEARNING_UNCERTAINTY,,Take,0,Frozen diagnostic candidate; never a recommended action,6570.672063644895,6478.653922958435,3637,3620,bcap_swing__mlb_2024_2025__20260909__r01,BCAP-SWING-v0.1.0,swing,2024_2025,COMPLETE,outer_game_nested_procedure_OPE,season-weighted final PA W per selected current decision; no summed PA policy gain,Take_adjudicated,Swing_offer_including_bunts
cell,1-0|INNER|FB,1-0,INNER,FB,28723,28637,0.9970058837865126,4839,28637,978,701,UNCERTAIN,IDENTIFICATION_AND_FULL_LEARNING_UNCERTAINTY,,Swing_including_bunts,1,Frozen diagnostic candidate; never a recommended action,8038.730544961666,19588.35062197589,4023,4754,bcap_swing__mlb_2024_2025__20260909__r01,BCAP-SWING-v0.1.0,swing,2024_2025,COMPLETE,outer_game_nested_procedure_OPE,season-weighted final PA W per selected current decision; no summed PA policy gain,Take_adjudicated,Swing_offer_including_bunts
cell,1-0|INNER|NFB,1-0,INNER,NFB,15735,15689,0.9970765808706704,4632,15689,985,692,UNCERTAIN,IDENTIFICATION_AND_FULL_LEARNING_UNCERTAINTY,,Swing_including_bunts,1,Frozen diagnostic candidate; never a recommended action,5676.459467466101,9360.80675770004,3427,4133,bcap_swing__mlb_2024_2025__20260909__r01,BCAP-SWING-v0.1.0,swing,2024_2025,COMPLETE,outer_game_nested_procedure_OPE,season-weighted final PA W per selected current decision; no summed PA policy gain,Take_adjudicated,Swing_offer_including_bunts
cell,1-0|MISSING|UNCLASSIFIED,1-0,MISSING,UNCLASSIFIED,40,0,0.0,0,0,0,0,NO_SUPPORT,NO_COMMON_SUPPORT,,,0.5,Frozen diagnostic candidate; never a recommended action,0.0,0.0,0,0,bcap_swing__mlb_2024_2025__20260909__r01,BCAP-SWING-v0.1.0,swing,2024_2025,COMPLETE,outer_game_nested_procedure_OPE,season-weighted final PA W per selected current decision; no summed PA policy gain,Take_adjudicated,Swing_offer_including_bunts
cell,1-0|OUT|FB,1-0,OUT,FB,30270,27691,0.914800132144037,4838,27691,982,703,UNCERTAIN,IDENTIFICATION_AND_FULL_LEARNING_UNCERTAINTY,,Take,0,Frozen diagnostic candidate; never a recommended action,21829.568643774124,4426.626319516379,4801,3245,bcap_swing__mlb_2024_2025__20260909__r01,BCAP-SWING-v0.1.0,swing,2024_2025,COMPLETE,outer_game_nested_procedure_OPE,season-weighted final PA W per selected current decision; no summed PA policy gain,Take_adjudicated,Swing_offer_including_bunts
cell,1-0|OUT|NFB,1-0,OUT,NFB,25697,23683,0.92162509242324,4805,23683,1035,699,UNCERTAIN,IDENTIFICATION_AND_FULL_LEARNING_UNCERTAINTY,,Take,0,Frozen diagnostic candidate; never a recommended action,17313.799828938623,4213.527603066923,4693,3376,bcap_swing__mlb_2024_2025__20260909__r01,BCAP-SWING-v0.1.0,swing,2024_2025,COMPLETE,outer_game_nested_procedure_OPE,season-weighted final PA W per selected current decision; no summed PA policy gain,Take_adjudicated,Swing_offer_including_bunts
cell,1-0|OUT|UNCLASSIFIED,1-0,OUT,UNCLASSIFIED,1,0,0.0,0,0,0,0,NO_SUPPORT,NO_COMMON_SUPPORT,,,0.5,Frozen diagnostic candidate; never a recommended action,0.0,0.0,0,0,bcap_swing__mlb_2024_2025__20260909__r01,BCAP-SWING-v0.1.0,swing,2024_2025,COMPLETE,outer_game_nested_procedure_OPE,season-weighted final PA W per selected current decision; no summed PA policy gain,Take_adjudicated,Swing_offer_including_bunts
cell,1-1|BOUNDARY|FB,1-1,BOUNDARY,FB,19214,19164,0.997397730821276,4766,19164,948,691,UNCERTAIN,IDENTIFICATION_AND_FULL_LEARNING_UNCERTAINTY,,Swing_including_bunts,1,Frozen diagnostic candidate; never a recommended action,6059.78173396767,12324.648591749345,3539,4500,bcap_swing__mlb_2024_2025__20260909__r01,BCAP-SWING-v0.1.0,swing,2024_2025,COMPLETE,outer_game_nested_procedure_OPE,season-weighted final PA W per selected current decision; no summed PA policy gain,Take_adjudicated,Swing_offer_including_bunts
cell,1-1|BOUNDARY|NFB,1-1,BOUNDARY,NFB,16604,16546,0.996506865815466,4700,16546,975,692,UNCERTAIN,IDENTIFICATION_AND_FULL_LEARNING_UNCERTAINTY,,Swing_including_bunts,1,Frozen diagnostic candidate; never a recommended action,4527.748542727401,11352.7352022605,3131,4390,bcap_swing__mlb_2024_2025__20260909__r01,BCAP-SWING-v0.1.0,swing,2024_2025,COMPLETE,outer_game_nested_procedure_OPE,season-weighted final PA W per selected current decision; no summed PA policy gain,Take_adjudicated,Swing_offer_including_bunts
cell,1-1|INNER|FB,1-1,INNER,FB,23414,23188,0.9903476552489964,4800,23188,960,697,UNCERTAIN,IDENTIFICATION_AND_FULL_LEARNING_UNCERTAINTY,,Swing_including_bunts,1,Frozen diagnostic candidate; never a recommended action,3208.536604101238,19549.81686966748,2489,4760,bcap_swing__mlb_2024_2025__20260909__r01,BCAP-SWING-v0.1.0,swing,2024_2025,COMPLETE,outer_game_nested_procedure_OPE,season-weighted final PA W per selected current decision; no summed PA policy gain,Take_adjudicated,Swing_offer_including_bunts
cell,1-1|INNER|NFB,1-1,INNER,NFB,17450,17292,0.990945558739255,4692,17292,980,696,UNCERTAIN,IDENTIFICATION_AND_FULL_LEARNING_UNCERTAINTY,,Swing_including_bunts,1,Frozen diagnostic candidate; never a recommended action,2498.314276143447,14396.146966546,2131,4570,bcap_swing__mlb_2024_2025__20260909__r01,BCAP-SWING-v0.1.0,swing,2024_2025,COMPLETE,outer_game_nested_procedure_OPE,season-weighted final PA W per selected current decision; no summed PA policy gain,Take_adjudicated,Swing_offer_including_bunts
cell,1-1|MISSING|UNCLASSIFIED,1-1,MISSING,UNCLASSIFIED,47,0,0.0,0,0,0,0,NO_SUPPORT,NO_COMMON_SUPPORT,,,0.5,Frozen diagnostic candidate; never a recommended action,0.0,0.0,0,0,bcap_swing__mlb_2024_2025__20260909__r01,BCAP-SWING-v0.1.0,swing,2024_2025,COMPLETE,outer_game_nested_procedure_OPE,season-weighted final PA W per selected current decision; no summed PA policy gain,Take_adjudicated,Swing_offer_including_bunts
cell,1-1|OUT|FB,1-1,OUT,FB,29504,28213,0.9562432212581344,4841,28213,976,699,UNCERTAIN,IDENTIFICATION_AND_FULL_LEARNING_UNCERTAINTY,,Take,0,Frozen diagnostic candidate; never a recommended action,19975.51247931686,6096.27768209842,4787,3821,bcap_swing__mlb_2024_2025__20260909__r01,BCAP-SWING-v0.1.0,swing,2024_2025,COMPLETE,outer_game_nested_procedure_OPE,season-weighted final PA W per selected current decision; no summed PA policy gain,Take_adjudicated,Swing_offer_including_bunts
cell,1-1|OUT|NFB,1-1,OUT,NFB,36325,34640,0.9536132140399174,4853,34640,1048,702,UNCERTAIN,IDENTIFICATION_AND_FULL_LEARNING_UNCERTAINTY,,Take,0,Frozen diagnostic candidate; never a recommended action,21901.82632870748,8092.089440591008,4817,4407,bcap_swing__mlb_2024_2025__20260909__r01,BCAP-SWING-v0.1.0,swing,2024_2025,COMPLETE,outer_game_nested_procedure_OPE,season-weighted final PA W per selected current decision; no summed PA policy gain,Take_adjudicated,Swing_offer_including_bunts
cell,1-1|OUT|UNCLASSIFIED,1-1,OUT,UNCLASSIFIED,1,0,0.0,0,0,0,0,NO_SUPPORT,NO_COMMON_SUPPORT,,,0.5,Frozen diagnostic candidate; never a recommended action,0.0,0.0,0,0,bcap_swing__mlb_2024_2025__20260909__r01,BCAP-SWING-v0.1.0,swing,2024_2025,COMPLETE,outer_game_nested_procedure_OPE,season-weighted final PA W per selected current decision; no summed PA policy gain,Take_adjudicated,Swing_offer_including_bunts
cell,1-2|BOUNDARY|FB,1-2,BOUNDARY,FB,15019,14950,0.9954058192955588,4595,14355,920,691,UNCERTAIN,IDENTIFICATION_AND_FULL_LEARNING_UNCERTAINTY,,Swing_including_bunts,1,Frozen diagnostic candidate; never a recommended action,2823.693021225733,11673.732798282974,2341,4367,bcap_swing__mlb_2024_2025__20260909__r01,BCAP-SWING-v0.1.0,swing,2024_2025,COMPLETE,outer_game_nested_procedure_OPE,season-weighted final PA W per selected current decision; no summed PA policy gain,Take_adjudicated,Swing_offer_including_bunts
cell,1-2|BOUNDARY|NFB,1-2,BOUNDARY,NFB,14615,14345,0.9815258296270954,4569,13814,944,694,UNCERTAIN,IDENTIFICATION_AND_FULL_LEARNING_UNCERTAINTY,,Swing_including_bunts,1,Frozen diagnostic candidate; never a recommended action,1820.211414667002,12195.773161267109,1682,4420,bcap_swing__mlb_2024_2025__20260909__r01,BCAP-SWING-v0.1.0,swing,2024_2025,COMPLETE,outer_game_nested_procedure_OPE,season-weighted final PA W per selected current decision; no summed PA policy gain,Take_adjudicated,Swing_offer_including_bunts
cell,1-2|BOUNDARY|UNCLASSIFIED,1-2,BOUNDARY,UNCLASSIFIED,1,0,0.0,0,0,0,0,NO_SUPPORT,NO_COMMON_SUPPORT,,,0.5,Frozen diagnostic candidate; never a recommended action,0.0,0.0,0,0,bcap_swing__mlb_2024_2025__20260909__r01,BCAP-SWING-v0.1.0,swing,2024_2025,COMPLETE,outer_game_nested_procedure_OPE,season-weighted final PA W per selected current decision; no summed PA policy gain,Take_adjudicated,Swing_offer_including_bunts
cell,1-2|INNER|FB,1-2,INNER,FB,15358,14377,0.9361244953770024,4551,13686,912,692,UNCERTAIN,IDENTIFICATION_AND_FULL_LEARNING_UNCERTAINTY,,Swing_including_bunts,1,Frozen diagnostic candidate; never a recommended action,1144.2099231539175,13081.637225828385,1126,4474,bcap_swing__mlb_2024_2025__20260909__r01,BCAP-SWING-v0.1.0,swing,2024_2025,COMPLETE,outer_game_nested_procedure_OPE,season-weighted final PA W per selected current decision; no summed PA policy gain,Take_adjudicated,Swing_offer_including_bunts
cell,1-2|INNER|NFB,1-2,INNER,NFB,12614,10802,0.8563500872046932,4215,10439,904,688,UNCERTAIN,IDENTIFICATION_AND_FULL_LEARNING_UNCERTAINTY,,Swing_including_bunts,1,Frozen diagnostic candidate; never a recommended action,573.1570207950875,10158.345424969444,582,4156,bcap_swing__mlb_2024_2025__20260909__r01,BCAP-SWING-v0.1.0,swing,2024_2025,COMPLETE,outer_game_nested_procedure_OPE,season-weighted final PA W per selected current decision; no summed PA policy gain,Take_adjudicated,Swing_offer_including_bunts
cell,1-2|MISSING|UNCLASSIFIED,1-2,MISSING,UNCLASSIFIED,56,0,0.0,0,0,0,0,NO_SUPPORT,NO_COMMON_SUPPORT,,,0.5,Frozen diagnostic candidate; never a recommended action,0.0,0.0,0,0,bcap_swing__mlb_2024_2025__20260909__r01,BCAP-SWING-v0.1.0,swing,2024_2025,COMPLETE,outer_game_nested_procedure_OPE,season-weighted final PA W per selected current decision; no summed PA policy gain,Take_adjudicated,Swing_offer_including_bunts
cell,1-2|OUT|FB,1-2,OUT,FB,31198,30174,0.9671773831655875,4836,29135,977,709,UNCERTAIN,IDENTIFICATION_AND_FULL_LEARNING_UNCERTAINTY,,Take,0,Frozen diagnostic candidate; never a recommended action,19055.43822575423,8113.045730223315,4760,4141,bcap_swing__mlb_2024_2025__20260909__r01,BCAP-SWING-v0.1.0,swing,2024_2025,COMPLETE,outer_game_nested_procedure_OPE,season-weighted final PA W per selected current decision; no summed PA policy gain,Take_adjudicated,Swing_offer_including_bunts
cell,1-2|OUT|NFB,1-2,OUT,NFB,50699,48909,0.9646935836998758,4859,46869,1035,705,UNCERTAIN,IDENTIFICATION_AND_FULL_LEARNING_UNCERTAINTY,,Take,0,Frozen diagnostic candidate; never a recommended action,26232.816882864543,13533.029734500618,4849,4745,bcap_swing__mlb_2024_2025__20260909__r01,BCAP-SWING-v0.1.0,swing,2024_2025,COMPLETE,outer_game_nested_procedure_OPE,season-weighted final PA W per selected current decision; no summed PA policy gain,Take_adjudicated,Swing_offer_including_bunts
cell,2-0|BOUNDARY|FB,2-0,BOUNDARY,FB,8881,8861,0.9977480013511992,4036,8861,900,664,UNCERTAIN,IDENTIFICATION_AND_FULL_LEARNING_UNCERTAINTY,,Take,0,Frozen diagnostic candidate; never a recommended action,4609.648837941607,3868.5986141418234,2994,2729,bcap_swing__mlb_2024_2025__20260909__r01,BCAP-SWING-v0.1.0,swing,2024_2025,COMPLETE,outer_game_nested_procedure_OPE,season-weighted final PA W per selected current decision; no summed PA policy gain,Take_adjudicated,Swing_offer_including_bunts
cell,2-0|BOUNDARY|NFB,2-0,BOUNDARY,NFB,3516,3511,0.9985779294653014,2426,3511,740,567,UNCERTAIN,IDENTIFICATION_AND_FULL_LEARNING_UNCERTAINTY,,Take,0,Frozen diagnostic candidate; never a recommended action,1922.591553456642,1426.1202662531614,1582,1308,bcap_swing__mlb_2024_2025__20260909__r01,BCAP-SWING-v0.1.0,swing,2024_2025,COMPLETE,outer_game_nested_procedure_OPE,season-weighted final PA W per selected current decision; no summed PA policy gain,Take_adjudicated,Swing_offer_including_bunts
cell,2-0|INNER|FB,2-0,INNER,FB,12076,12035,0.9966048360384232,4409,12035,927,683,UNCERTAIN,IDENTIFICATION_AND_FULL_LEARNING_UNCERTAINTY,,Swing_including_bunts,1,Frozen diagnostic candidate; never a recommended action,3597.515693109018,7982.256083401931,2649,3917,bcap_swing__mlb_2024_2025__20260909__r01,BCAP-SWING-v0.1.0,swing,2024_2025,COMPLETE,outer_game_nested_procedure_OPE,season-weighted final PA W per selected current decision; no summed PA policy gain,Take_adjudicated,Swing_offer_including_bunts
cell,2-0|INNER|NFB,2-0,INNER,NFB,4155,4146,0.9978339350180504,2674,4146,768,594,UNCERTAIN,IDENTIFICATION_AND_FULL_LEARNING_UNCERTAINTY,,Swing_including_bunts,1,Frozen diagnostic candidate; never a recommended action,1864.3663620864672,2112.516665937525,1557,1709,bcap_swing__mlb_2024_2025__20260909__r01,BCAP-SWING-v0.1.0,swing,2024_2025,COMPLETE,outer_game_nested_procedure_OPE,season-weighted final PA W per selected current decision; no summed PA policy gain,Take_adjudicated,Swing_offer_including_bunts
cell,2-0|MISSING|UNCLASSIFIED,2-0,MISSING,UNCLASSIFIED,11,0,0.0,0,0,0,0,NO_SUPPORT,NO_COMMON_SUPPORT,,,0.5,Frozen diagnostic candidate; never a recommended action,0.0,0.0,0,0,bcap_swing__mlb_2024_2025__20260909__r01,BCAP-SWING-v0.1.0,swing,2024_2025,COMPLETE,outer_game_nested_procedure_OPE,season-weighted final PA W per selected current decision; no summed PA policy gain,Take_adjudicated,Swing_offer_including_bunts
cell,2-0|OUT|FB,2-0,OUT,FB,11277,10228,0.9069788064201472,4227,10228,926,670,UNCERTAIN,IDENTIFICATION_AND_FULL_LEARNING_UNCERTAINTY,,Take,0,Frozen diagnostic candidate; never a recommended action,8192.88837531811,1571.9209695782622,3889,1597,bcap_swing__mlb_2024_2025__20260909__r01,BCAP-SWING-v0.1.0,swing,2024_2025,COMPLETE,outer_game_nested_procedure_OPE,season-weighted final PA W per selected current decision; no summed PA policy gain,Take_adjudicated,Swing_offer_including_bunts
cell,2-0|OUT|NFB,2-0,OUT,NFB,5716,5253,0.918999300209937,3105,5253,841,605,UNCERTAIN,IDENTIFICATION_AND_FULL_LEARNING_UNCERTAINTY,,Take,0,Frozen diagnostic candidate; never a recommended action,3938.259467877983,886.689294720234,2670,1081,bcap_swing__mlb_2024_2025__20260909__r01,BCAP-SWING-v0.1.0,swing,2024_2025,COMPLETE,outer_game_nested_procedure_OPE,season-weighted final PA W per selected current decision; no summed PA policy gain,Take_adjudicated,Swing_offer_including_bunts
cell,2-1|BOUNDARY|FB,2-1,BOUNDARY,FB,11771,11729,0.9964319089287232,4405,11729,914,683,UNCERTAIN,IDENTIFICATION_AND_FULL_LEARNING_UNCERTAINTY,,Take,0,Frozen diagnostic candidate; never a recommended action,3651.790872093852,7604.183275107008,2704,3826,bcap_swing__mlb_2024_2025__20260909__r01,BCAP-SWING-v0.1.0,swing,2024_2025,COMPLETE,outer_game_nested_procedure_OPE,season-weighted final PA W per selected current decision; no summed PA policy gain,Take_adjudicated,Swing_offer_including_bunts
cell,2-1|BOUNDARY|NFB,2-1,BOUNDARY,NFB,7644,7618,0.9965986394557824,3771,7618,864,650,UNCERTAIN,IDENTIFICATION_AND_FULL_LEARNING_UNCERTAINTY,,Take,0,Frozen diagnostic candidate; never a recommended action,2225.813666664804,5076.601031520611,1865,3101,bcap_swing__mlb_2024_2025__20260909__r01,BCAP-SWING-v0.1.0,swing,2024_2025,COMPLETE,outer_game_nested_procedure_OPE,season-weighted final PA W per selected current decision; no summed PA policy gain,Take_adjudicated,Swing_offer_including_bunts
cell,2-1|INNER|FB,2-1,INNER,FB,15797,15591,0.9869595492815092,4635,15591,937,682,UNCERTAIN,IDENTIFICATION_AND_FULL_LEARNING_UNCERTAINTY,,Swing_including_bunts,1,Frozen diagnostic candidate; never a recommended action,1914.9327463378695,13417.911052830295,1708,4509,bcap_swing__mlb_2024_2025__20260909__r01,BCAP-SWING-v0.1.0,swing,2024_2025,COMPLETE,outer_game_nested_procedure_OPE,season-weighted final PA W per selected current decision; no summed PA policy gain,Take_adjudicated,Swing_offer_including_bunts
cell,2-1|INNER|NFB,2-1,INNER,NFB,8766,8715,0.9941820670773442,4027,8715,883,655,UNCERTAIN,IDENTIFICATION_AND_FULL_LEARNING_UNCERTAINTY,,Swing_including_bunts,1,Frozen diagnostic candidate; never a recommended action,1423.794363557641,7089.043169074409,1354,3705,bcap_swing__mlb_2024_2025__20260909__r01,BCAP-SWING-v0.1.0,swing,2024_2025,COMPLETE,outer_game_nested_procedure_OPE,season-weighted final PA W per selected current decision; no summed PA policy gain,Take_adjudicated,Swing_offer_including_bunts
cell,2-1|MISSING|UNCLASSIFIED,2-1,MISSING,UNCLASSIFIED,19,0,0.0,0,0,0,0,NO_SUPPORT,NO_COMMON_SUPPORT,,,0.5,Frozen diagnostic candidate; never a recommended action,0.0,0.0,0,0,bcap_swing__mlb_2024_2025__20260909__r01,BCAP-SWING-v0.1.0,swing,2024_2025,COMPLETE,outer_game_nested_procedure_OPE,season-weighted final PA W per selected current decision; no summed PA policy gain,Take_adjudicated,Swing_offer_including_bunts
cell,2-1|OUT|FB,2-1,OUT,FB,15262,14667,0.9610142838422224,4579,14667,948,685,UNCERTAIN,IDENTIFICATION_AND_FULL_LEARNING_UNCERTAINTY,,Take,0,Frozen diagnostic candidate; never a recommended action,10339.289280693967,3237.814763468224,4271,2730,bcap_swing__mlb_2024_2025__20260909__r01,BCAP-SWING-v0.1.0,swing,2024_2025,COMPLETE,outer_game_nested_procedure_OPE,season-weighted final PA W per selected current decision; no summed PA policy gain,Take_adjudicated,Swing_offer_including_bunts
cell,2-1|OUT|NFB,2-1,OUT,NFB,13681,13175,0.963014399532198,4487,13175,974,675,UNCERTAIN,IDENTIFICATION_AND_FULL_LEARNING_UNCERTAINTY,,Take,0,Frozen diagnostic candidate; never a recommended action,8081.635196239167,3298.5230152189283,3995,2930,bcap_swing__mlb_2024_2025__20260909__r01,BCAP-SWING-v0.1.0,swing,2024_2025,COMPLETE,outer_game_nested_procedure_OPE,season-weighted final PA W per selected current decision; no summed PA policy gain,Take_adjudicated,Swing_offer_including_bunts
cell,2-2|BOUNDARY|FB,2-2,BOUNDARY,FB,14995,14945,0.9966655551850616,4569,14183,919,688,UNCERTAIN,IDENTIFICATION_AND_FULL_LEARNING_UNCERTAINTY,,Swing_including_bunts,1,Frozen diagnostic candidate; never a recommended action,2831.143809586116,11683.836713620458,2327,4339,bcap_swing__mlb_2024_2025__20260909__r01,BCAP-SWING-v0.1.0,swing,2024_2025,COMPLETE,outer_game_nested_procedure_OPE,season-weighted final PA W per selected current decision; no summed PA policy gain,Take_adjudicated,Swing_offer_including_bunts
cell,2-2|BOUNDARY|NFB,2-2,BOUNDARY,NFB,13208,12966,0.9816777710478498,4475,12412,937,681,UNCERTAIN,IDENTIFICATION_AND_FULL_LEARNING_UNCERTAINTY,,Swing_including_bunts,1,Frozen diagnostic candidate; never a recommended action,1656.0498305520844,11025.115713708074,1565,4290,bcap_swing__mlb_2024_2025__20260909__r01,BCAP-SWING-v0.1.0,swing,2024_2025,COMPLETE,outer_game_nested_procedure_OPE,season-weighted final PA W per selected current decision; no summed PA policy gain,Take_adjudicated,Swing_offer_including_bunts
cell,2-2|INNER|FB,2-2,INNER,FB,18333,16745,0.9133802432771504,4648,15579,926,683,UNCERTAIN,IDENTIFICATION_AND_FULL_LEARNING_UNCERTAINTY,,Swing_including_bunts,1,Frozen diagnostic candidate; never a recommended action,1132.5826717006332,15474.567835693684,1094,4597,bcap_swing__mlb_2024_2025__20260909__r01,BCAP-SWING-v0.1.0,swing,2024_2025,COMPLETE,outer_game_nested_procedure_OPE,season-weighted final PA W per selected current decision; no summed PA policy gain,Take_adjudicated,Swing_offer_including_bunts
cell,2-2|INNER|NFB,2-2,INNER,NFB,13068,11179,0.8554484236302418,4288,10678,920,679,UNCERTAIN,IDENTIFICATION_AND_FULL_LEARNING_UNCERTAINTY,,Swing_including_bunts,1,Frozen diagnostic candidate; never a recommended action,580.96958847924,10527.275833025424,586,4206,bcap_swing__mlb_2024_2025__20260909__r01,BCAP-SWING-v0.1.0,swing,2024_2025,COMPLETE,outer_game_nested_procedure_OPE,season-weighted final PA W per selected current decision; no summed PA policy gain,Take_adjudicated,Swing_offer_including_bunts
cell,2-2|MISSING|UNCLASSIFIED,2-2,MISSING,UNCLASSIFIED,47,0,0.0,0,0,0,0,NO_SUPPORT,NO_COMMON_SUPPORT,,,0.5,Frozen diagnostic candidate; never a recommended action,0.0,0.0,0,0,bcap_swing__mlb_2024_2025__20260909__r01,BCAP-SWING-v0.1.0,swing,2024_2025,COMPLETE,outer_game_nested_procedure_OPE,season-weighted final PA W per selected current decision; no summed PA policy gain,Take_adjudicated,Swing_offer_including_bunts
cell,2-2|OUT|FB,2-2,OUT,FB,24452,23896,0.9772615736954032,4811,22944,962,698,UNCERTAIN,IDENTIFICATION_AND_FULL_LEARNING_UNCERTAINTY,,Take,0,Frozen diagnostic candidate; never a recommended action,14093.85494609448,7180.866166648514,4604,3950,bcap_swing__mlb_2024_2025__20260909__r01,BCAP-SWING-v0.1.0,swing,2024_2025,COMPLETE,outer_game_nested_procedure_OPE,season-weighted final PA W per selected current decision; no summed PA policy gain,Take_adjudicated,Swing_offer_including_bunts
cell,2-2|OUT|NFB,2-2,OUT,NFB,34528,33703,0.9761063484708064,4849,32211,1015,700,UNCERTAIN,IDENTIFICATION_AND_FULL_LEARNING_UNCERTAINTY,,Take,0,Frozen diagnostic candidate; never a recommended action,16638.805487192243,10383.980622354382,4752,4566,bcap_swing__mlb_2024_2025__20260909__r01,BCAP-SWING-v0.1.0,swing,2024_2025,COMPLETE,outer_game_nested_procedure_OPE,season-weighted final PA W per selected current decision; no summed PA policy gain,Take_adjudicated,Swing_offer_including_bunts
cell,2-2|OUT|UNCLASSIFIED,2-2,OUT,UNCLASSIFIED,1,0,0.0,0,0,0,0,NO_SUPPORT,NO_COMMON_SUPPORT,,,0.5,Frozen diagnostic candidate; never a recommended action,0.0,0.0,0,0,bcap_swing__mlb_2024_2025__20260909__r01,BCAP-SWING-v0.1.0,swing,2024_2025,COMPLETE,outer_game_nested_procedure_OPE,season-weighted final PA W per selected current decision; no summed PA policy gain,Take_adjudicated,Swing_offer_including_bunts
cell,3-0|BOUNDARY|FB,3-0,BOUNDARY,FB,3639,3444,0.94641384995878,2423,3444,797,601,UNCERTAIN,IDENTIFICATION_AND_FULL_LEARNING_UNCERTAINTY,,Take,0,Frozen diagnostic candidate; never a recommended action,3099.7767139927582,302.1718338090339,2250,323,bcap_swing__mlb_2024_2025__20260909__r01,BCAP-SWING-v0.1.0,swing,2024_2025,COMPLETE,outer_game_nested_procedure_OPE,season-weighted final PA W per selected current decision; no summed PA policy gain,Take_adjudicated,Swing_offer_including_bunts
cell,3-0|BOUNDARY|NFB,3-0,BOUNDARY,NFB,203,202,0.9950738916256158,192,202,144,150,NO_SUPPORT,SAMPLE_OR_OVERLAP_GATE,,Take,0,Frozen diagnostic candidate; never a recommended action,175.00316920439684,22.309659491512587,166,26,bcap_swing__mlb_2024_2025__20260909__r01,BCAP-SWING-v0.1.0,swing,2024_2025,COMPLETE,outer_game_nested_procedure_OPE,season-weighted final PA W per selected current decision; no summed PA policy gain,Take_adjudicated,Swing_offer_including_bunts
cell,3-0|INNER|FB,3-0,INNER,FB,5127,5090,0.992783304076458,3072,5090,830,618,UNCERTAIN,IDENTIFICATION_AND_FULL_LEARNING_UNCERTAINTY,,Swing_including_bunts,1,Frozen diagnostic candidate; never a recommended action,4350.104342305741,659.6150995348776,2788,668,bcap_swing__mlb_2024_2025__20260909__r01,BCAP-SWING-v0.1.0,swing,2024_2025,COMPLETE,outer_game_nested_procedure_OPE,season-weighted final PA W per selected current decision; no summed PA policy gain,Take_adjudicated,Swing_offer_including_bunts
cell,3-0|INNER|NFB,3-0,INNER,NFB,264,263,0.9962121212121212,253,263,170,172,NO_SUPPORT,SAMPLE_OR_OVERLAP_GATE,,Take,0,Frozen diagnostic candidate; never a recommended action,228.3957842685375,26.21344121715673,220,33,bcap_swing__mlb_2024_2025__20260909__r01,BCAP-SWING-v0.1.0,swing,2024_2025,COMPLETE,outer_game_nested_procedure_OPE,season-weighted final PA W per selected current decision; no summed PA policy gain,Take_adjudicated,Swing_offer_including_bunts
cell,3-0|MISSING|UNCLASSIFIED,3-0,MISSING,UNCLASSIFIED,3,0,0.0,0,0,0,0,NO_SUPPORT,NO_COMMON_SUPPORT,,,0.5,Frozen diagnostic candidate; never a recommended action,0.0,0.0,0,0,bcap_swing__mlb_2024_2025__20260909__r01,BCAP-SWING-v0.1.0,swing,2024_2025,COMPLETE,outer_game_nested_procedure_OPE,season-weighted final PA W per selected current decision; no summed PA policy gain,Take_adjudicated,Swing_offer_including_bunts
cell,3-0|OUT|FB,3-0,OUT,FB,4382,2962,0.6759470561387494,2166,2962,758,572,NO_SUPPORT,SAMPLE_OR_OVERLAP_GATE,,Take,0,Frozen diagnostic candidate; never a recommended action,2847.3189386554177,94.17216475260344,2104,106,bcap_swing__mlb_2024_2025__20260909__r01,BCAP-SWING-v0.1.0,swing,2024_2025,COMPLETE,outer_game_nested_procedure_OPE,season-weighted final PA W per selected current decision; no summed PA policy gain,Take_adjudicated,Swing_offer_including_bunts
cell,3-0|OUT|NFB,3-0,OUT,NFB,354,269,0.7598870056497176,254,269,189,174,NO_SUPPORT,SAMPLE_OR_OVERLAP_GATE,,Take,0,Frozen diagnostic candidate; never a recommended action,244.84379024553527,18.975940512907563,234,23,bcap_swing__mlb_2024_2025__20260909__r01,BCAP-SWING-v0.1.0,swing,2024_2025,COMPLETE,outer_game_nested_procedure_OPE,season-weighted final PA W per selected current decision; no summed PA policy gain,Take_adjudicated,Swing_offer_including_bunts
cell,3-1|BOUNDARY|FB,3-1,BOUNDARY,FB,6323,6305,0.997153250039538,3533,6305,865,646,UNCERTAIN,IDENTIFICATION_AND_FULL_LEARNING_UNCERTAINTY,,Take,0,Frozen diagnostic candidate; never a recommended action,2392.6753362748927,3637.874768851128,2001,2587,bcap_swing__mlb_2024_2025__20260909__r01,BCAP-SWING-v0.1.0,swing,2024_2025,COMPLETE,outer_game_nested_procedure_OPE,season-weighted final PA W per selected current decision; no summed PA policy gain,Take_adjudicated,Swing_offer_including_bunts
cell,3-1|BOUNDARY|NFB,3-1,BOUNDARY,NFB,1786,1784,0.9988801791713324,1452,1784,578,475,UNCERTAIN,IDENTIFICATION_AND_FULL_LEARNING_UNCERTAINTY,,Take,0,Frozen diagnostic candidate; never a recommended action,782.5666916596284,915.7608192034976,758,848,bcap_swing__mlb_2024_2025__20260909__r01,BCAP-SWING-v0.1.0,swing,2024_2025,COMPLETE,outer_game_nested_procedure_OPE,season-weighted final PA W per selected current decision; no summed PA policy gain,Take_adjudicated,Swing_offer_including_bunts
cell,3-1|INNER|FB,3-1,INNER,FB,9160,9123,0.9959606986899564,4089,9123,893,664,UNCERTAIN,IDENTIFICATION_AND_FULL_LEARNING_UNCERTAINTY,,Swing_including_bunts,1,Frozen diagnostic candidate; never a recommended action,1446.9498573826245,7466.088515914759,1374,3788,bcap_swing__mlb_2024_2025__20260909__r01,BCAP-SWING-v0.1.0,swing,2024_2025,COMPLETE,outer_game_nested_procedure_OPE,season-weighted final PA W per selected current decision; no summed PA policy gain,Take_adjudicated,Swing_offer_including_bunts
cell,3-1|INNER|NFB,3-1,INNER,NFB,2229,2226,0.9986541049798116,1742,2226,618,516,UNCERTAIN,IDENTIFICATION_AND_FULL_LEARNING_UNCERTAINTY,,Swing_including_bunts,1,Frozen diagnostic candidate; never a recommended action,667.3406788168214,1469.455389507566,674,1256,bcap_swing__mlb_2024_2025__20260909__r01,BCAP-SWING-v0.1.0,swing,2024_2025,COMPLETE,outer_game_nested_procedure_OPE,season-weighted final PA W per selected current decision; no summed PA policy gain,Take_adjudicated,Swing_offer_including_bunts
cell,3-1|MISSING|UNCLASSIFIED,3-1,MISSING,UNCLASSIFIED,7,0,0.0,0,0,0,0,NO_SUPPORT,NO_COMMON_SUPPORT,,,0.5,Frozen diagnostic candidate; never a recommended action,0.0,0.0,0,0,bcap_swing__mlb_2024_2025__20260909__r01,BCAP-SWING-v0.1.0,swing,2024_2025,COMPLETE,outer_game_nested_procedure_OPE,season-weighted final PA W per selected current decision; no summed PA policy gain,Take_adjudicated,Swing_offer_including_bunts
cell,3-1|OUT|FB,3-1,OUT,FB,7573,7174,0.9473128218671596,3670,7174,896,646,UNCERTAIN,IDENTIFICATION_AND_FULL_LEARNING_UNCERTAINTY,,Take,0,Frozen diagnostic candidate; never a recommended action,5314.4873215395255,1427.3443225886406,3230,1446,bcap_swing__mlb_2024_2025__20260909__r01,BCAP-SWING-v0.1.0,swing,2024_2025,COMPLETE,outer_game_nested_procedure_OPE,season-weighted final PA W per selected current decision; no summed PA policy gain,Take_adjudicated,Swing_offer_including_bunts
cell,3-1|OUT|NFB,3-1,OUT,NFB,2796,2677,0.957439198855508,1986,2677,715,530,UNCERTAIN,IDENTIFICATION_AND_FULL_LEARNING_UNCERTAINTY,,Take,0,Frozen diagnostic candidate; never a recommended action,1779.2875193485363,560.9884387792881,1504,742,bcap_swing__mlb_2024_2025__20260909__r01,BCAP-SWING-v0.1.0,swing,2024_2025,COMPLETE,outer_game_nested_procedure_OPE,season-weighted final PA W per selected current decision; no summed PA policy gain,Take_adjudicated,Swing_offer_including_bunts
cell,3-2|BOUNDARY|FB,3-2,BOUNDARY,FB,12393,12349,0.9964496086500444,4349,11401,898,680,UNCERTAIN,IDENTIFICATION_AND_FULL_LEARNING_UNCERTAINTY,,Swing_including_bunts,1,Frozen diagnostic candidate; never a recommended action,2268.654527081468,9714.929351446102,2003,4047,bcap_swing__mlb_2024_2025__20260909__r01,BCAP-SWING-v0.1.0,swing,2024_2025,COMPLETE,outer_game_nested_procedure_OPE,season-weighted final PA W per selected current decision; no summed PA policy gain,Take_adjudicated,Swing_offer_including_bunts
cell,3-2|BOUNDARY|NFB,3-2,BOUNDARY,NFB,6744,6689,0.9918446026097272,3468,6379,821,629,UNCERTAIN,IDENTIFICATION_AND_FULL_LEARNING_UNCERTAINTY,,Swing_including_bunts,1,Frozen diagnostic candidate; never a recommended action,989.737657672438,5517.477704282028,1023,3135,bcap_swing__mlb_2024_2025__20260909__r01,BCAP-SWING-v0.1.0,swing,2024_2025,COMPLETE,outer_game_nested_procedure_OPE,season-weighted final PA W per selected current decision; no summed PA policy gain,Take_adjudicated,Swing_offer_including_bunts
cell,3-2|INNER|FB,3-2,INNER,FB,17495,15797,0.9029436981994856,4543,13833,923,683,UNCERTAIN,IDENTIFICATION_AND_FULL_LEARNING_UNCERTAINTY,,Swing_including_bunts,1,Frozen diagnostic candidate; never a recommended action,1013.5828073871428,14665.290892598674,1005,4470,bcap_swing__mlb_2024_2025__20260909__r01,BCAP-SWING-v0.1.0,swing,2024_2025,COMPLETE,outer_game_nested_procedure_OPE,season-weighted final PA W per selected current decision; no summed PA policy gain,Take_adjudicated,Swing_offer_including_bunts
cell,3-2|INNER|NFB,3-2,INNER,NFB,7980,7152,0.8962406015037594,3575,6732,839,641,UNCERTAIN,IDENTIFICATION_AND_FULL_LEARNING_UNCERTAINTY,,Swing_including_bunts,1,Frozen diagnostic candidate; never a recommended action,447.6579096710381,6650.95013640955,471,3448,bcap_swing__mlb_2024_2025__20260909__r01,BCAP-SWING-v0.1.0,swing,2024_2025,COMPLETE,outer_game_nested_procedure_OPE,season-weighted final PA W per selected current decision; no summed PA policy gain,Take_adjudicated,Swing_offer_including_bunts
cell,3-2|MISSING|UNCLASSIFIED,3-2,MISSING,UNCLASSIFIED,25,0,0.0,0,0,0,0,NO_SUPPORT,NO_COMMON_SUPPORT,,,0.5,Frozen diagnostic candidate; never a recommended action,0.0,0.0,0,0,bcap_swing__mlb_2024_2025__20260909__r01,BCAP-SWING-v0.1.0,swing,2024_2025,COMPLETE,outer_game_nested_procedure_OPE,season-weighted final PA W per selected current decision; no summed PA policy gain,Take_adjudicated,Swing_offer_including_bunts
cell,3-2|OUT|FB,3-2,OUT,FB,15024,14780,0.9837593184238552,4547,14068,934,684,UNCERTAIN,IDENTIFICATION_AND_FULL_LEARNING_UNCERTAINTY,,Take,0,Frozen diagnostic candidate; never a recommended action,8469.830455276584,4737.634277588442,4087,3205,bcap_swing__mlb_2024_2025__20260909__r01,BCAP-SWING-v0.1.0,swing,2024_2025,COMPLETE,outer_game_nested_procedure_OPE,season-weighted final PA W per selected current decision; no summed PA policy gain,Take_adjudicated,Swing_offer_including_bunts
cell,3-2|OUT|NFB,3-2,OUT,NFB,12041,11877,0.9863798687816626,4338,11414,937,668,UNCERTAIN,IDENTIFICATION_AND_FULL_LEARNING_UNCERTAINTY,,Take,0,Frozen diagnostic candidate; never a recommended action,5473.870470590984,4184.11387370228,3501,3188,bcap_swing__mlb_2024_2025__20260909__r01,BCAP-SWING-v0.1.0,swing,2024_2025,COMPLETE,outer_game_nested_procedure_OPE,season-weighted final PA W per selected current decision; no summed PA policy gain,Take_adjudicated,Swing_offer_including_bunts
